[gd_scene load_steps=3 format=2]

[ext_resource path="res://fps_counter.tscn" type="PackedScene" id=1]

[sub_resource type="CapsuleMesh" id=1]

[node name="Node" type="Node"]

[node name="MeshInstance" type="MeshInstance" parent="."]
transform = Transform( 0.549898, 0, -0.835232, -0.525277, -0.777486, -0.345831, -0.649382, 0.6289, -0.427538, 0.189642, 0.0899253, -2.17491 )
mesh = SubResource( 1 )
material/0 = null

[node name="Label" parent="." instance=ExtResource( 1 )]

[node name="Camera" type="Camera" parent="."]
transform = Transform( 0.930689, 0.16529, -0.326338, 0, 0.892097, 0.451845, 0.365811, -0.420527, 0.830265, -0.972205, 1.19673, 2.59579 )
current = true
fov = 65.0
near = 0.1

[node name="DirectionalLight" type="DirectionalLight" parent="."]
transform = Transform( 0.90022, -0.269617, 0.341922, -0.0839336, 0.663071, 0.743836, -0.427269, -0.698315, 0.57428, 1.76976, 1.26562, 0.57925 )
